34
26
45
81
26
54
84
74
74
1
72
52
91
14
38
92
75
76
8
9
48
18
14
100
69
70
87
6
1
33
91
31
37
210
196
74
82
12
39
18
14
40
64
73
74
1
72
38
87
79
35
71
70
65
7
9
165
209
0
100
81
70
5
39
6
43
68
10
54
70
78
65
19
12
39
18
11
33
21
101
87
19
27
175
94
6
37
21
73
74
1
72
50
64
0
46
80
83
74
1
72
35
67
26
45
21
87
87
29
24
45
65
27
43
70
11
5
22
13
49
87
1
50
90
75
83
23
6
38
93
79
41
198
67
80
30
7
49
18
11
43
70
7
86
27
27
54
87
2
37
70
7
65
23
72
49
87
8
49
71
70
75
149
9
98
81
0
41
90
7
85
19
26
54
87
79
32
80
7
86
23
29
98
70
29
33
92
73
68
31
13
44
70
0
100
91
70
5
147
26
39
83
67
100
80
84
81
27
5
55
94
14
42
81
72
8
29
27
98
83
79
52
84
85
81
27
11
43
66
14
54
21
67
74
82
24
48
93
8
54
84
74
68
82
34
45
68
10
41
21
98
72
2
26
39
87
1
32
80
67
74
0
68
98
86
0
100
118
66
75
6
26
45
18
11
33
21
99
64
1
13
44
68
0
40
67
78
72
23
6
54
93
79
16
80
68
75
29
4
177
85
6
39
90
7
65
19
72
44
93
28
55
84
7
76
28
27
54
91
27
49
92
192
198
29
70
7
65
27
33
21
87
87
29
15
48
83
2
37
21
81
76
1
9
98
86
14
54
21
70
85
29
1
45
18
14
40
64
73
74
1
72
51
71
10
100
81
66
86
23
2
39
95
79
32
80
84
64
28
30
45
94
25
33
71
7
86
23
29
49
18
27
54
84
69
68
30
0
45
65
79
37
86
70
65
152
5
43
81
0
55
21
68
74
31
7
98
87
2
38
71
78
208
23
27
98
86
10
100
69
85
74
22
29
54
93
28
100
84
7
86
23
26
39
95
79
32
80
84
64
28
30
45
94
25
45
81
72
86
82
13
98
81
0
41
80
85
70
27
9
46
91
21
37
81
72
86
82
24
45
64
79
33
89
66
86
82
24
48
193
31
54
92
72
86
82
6
35
18
6
42
86
82
71
19
12
45
64
14
100
81
66
5
23
5
50
64
10
55
84
84
11
82