161
19
69
55
69
21
146
27
22
52
88
8
212
26
0
103
89
21
135
13
4
103
214
8
145
31
69
35
82
12
145
94
10
53
94
31
154
10
4
53
23
27
152
11
11
40
68
90
144
27
69
32
69
27
144
11
4
160
212
21
212
27
69
55
196
9
217
25
23
38
83
15
149
153
134
40
23
31
153
94
21
53
88
29
134
31
8
38
208
153
155
94
0
42
23
22
157
16
2
50
86
29
145
19
69
35
82
90
150
31
12
63
88
90
154
147
19
34
91
86
212
17
7
45
82
14
157
8
4
41
83
21
212
31
69
46
90
10
152
27
8
34
89
14
149
153
134
40
23
30
145
94
4
43
80
21
134
23
17
42
88
9
212
27
69
55
69
21
128
17
6
40
91
21
135
94
6
53
94
10
128
17
2
53
86
28
157
29
10
52
23
31
153
94
13
38
69
30
131
31
23
34
27
27
152
151
8
103
83
27
135
94
3
53
82
20
128
27
22
103
83
31
212
14
0
52
70
15
157
13
4
103
82
23
212
13
0
32
66
8
149
16
130
38
23
27
144
14
17
38
67
19
130
31
69
35
82
90
134
27
1
34
68
86
212
29
9
38
68
9
145
26
0
103
81
31
134
12
4
42
82
20
128
31
22
103
83
31
212
13
0
32
66
8
149
16
130
38
23
25
155
19
69
42
86
19
155
12
69
36
69
31
135
29
12
42
82
20
128
17
69
35
82
90
130
27
11
35
86
9
212
16
10
103
90
21
153
27
11
51
88
84
177
16
17
53
82
14
149
16
17
40
23
21
212
26
0
55
86
8
128
31
8
34
89
14
155
94
11
164
88
90
144
23
22
55
194
31
212
26
0
103
65
27
147
31
22
103
71
27
134
31
69
55
69
21
153
17
19
34
69
90
151
17
11
36
66
8
135
17
69
49
94
9
149
16
1
40
23
27
212
29
10
41
67
8
149
10
4
160
212
21
212
26
0
103
90
27
157
13
69
55
69
21
146
27
22
52
88
8
145
13
69
54
66
31
212
14
10
52
68
27
153
94
6
40
91
27
150
17
23
38
69
86
212
14
10
53
23
10
155
18
136
51
94
25
149
94
1
34
23
25
155
16
17
34
89
157
23
17
69
35
82
90
147
31
22
51
88
9
212
26
10
103
90
19
154
23
22
51
222
8
157
17
69
35
86
90
145
26
16
36
86
157
23
17
75
103
